0.5558670343137254
0.46061580882352937
0.4261182598039216
0.4119332107843137
0.4389093137254902
0.6110906862745098
0.2684895833333333
0.3301164215686274
0.5579350490196079
0.45962009803921566
0.42406556372549026
0.41038602941176466
0.43999693627450986
0.6105238970588235
0.2631893382352941
0.3325827205882353
0.5613664215686274
0.4580116421568627
0.4213388480392156
0.4089001225490196
0.4417126225490196
0.6083026960784313
0.2559589460784314
0.33838848039215685
0.559390318627451
0.45983455882352936
0.4236979166666667
0.4146905637254901
0.4396752450980391
0.6009650735294118
0.2624387254901961
0.34702818627450976
0.5597579656862745
0.4622549019607843
0.42495404411764715
0.4191329656862745
0.4391544117647059
0.5935049019607843
0.2718137254901961
0.35528492647058824
0.5666053921568628
0.4643841911764706
0.42110906862745096
0.41671262254901953
0.44312193627450974
0.5895373774509804
0.2792738970588235
0.3612438725490197
0.5738357843137254
0.46776960784313715
0.4153952205882352
0.41338848039215687
0.44397977941176464
0.5895373774509804
0.284344362745098
0.36303615196078437
0.5777113970588236
0.4717984068627451
0.40761335784313724
0.4090226715686274
0.4411151960784314
0.5923560049019607
0.28731617647058827
0.3614123774509804
0.55390625
0.47167585784313715
0.39725796568627436
0.40870098039215685
0.43367034313725483
0.5904258578431372
0.29263174019607846
0.36047794117647053
0.5119485294117647
0.47158394607843135
0.3852175245098039
0.40741421568627445
0.42715992647058826
0.585248161764706
0.2982996323529412
0.3585937499999999
0.45006127450980393
0.4776041666666666
0.36963848039215685
0.39992340686274513
0.42830882352941174
0.5758884803921568
0.3017463235294117
0.3536611519607843
0.4150428921568627
0.4759191176470589
0.36142769607843134
0.3911611519607843
0.43017769607843137
0.5693933823529411
0.3082720588235294
0.3465686274509803
0.41795343137254903
0.4638786764705882
0.36242340686274505
0.38333333333333325
0.43167892156862747
0.5666053921568626
0.31914828431372544
0.33736213235294116
0.43350183823529415
0.4491421568627451
0.3597120098039216
0.3771905637254902
0.43434436274509797
0.5633731617647059
0.33141850490196084
0.33212316176470585
0.45346200980392154
0.435906862745098
0.3570006127450979
0.3745710784313725
0.4379595588235295
0.5615808823529411
0.3426470588235294
0.3283700980392157
0.45122549019607844
0.4354626225490195
0.36432291666666666
0.3826899509803922
0.44136029411764705
0.564782475490196
0.3436427696078431
0.320266544117647
0.44564950980392154
0.44137561274509796
0.36885723039215673
0.392218137254902
0.44247855392156865
0.5702359068627451
0.34492953431372547
0.3120863970588235
0.4419577205882352
0.45226715686274516
0.3642616421568627
0.4001838235294117
0.4396905637254902
0.5776501225490195
0.3508118872549019
0.3050245098039216
0.4493719362745098
0.4614276960784314
0.3534620098039215
0.39745710784313715
0.4368719362745098
0.5838082107843137
0.3548100490196079
0.30364583333333334
0.46294424019607844
0.4680300245098039
0.33979779411764705
0.3849417892156863
0.4345435049019607
0.5872089460784313
0.35726102941176463
0.30755208333333334
0.4583792892156863
0.46930147058823535
0.3405943627450981
0.3691636029411765
0.43625919117647055
0.587576593137255
0.35916053921568625
0.31544117647058817
0.45548406862745094
0.47081801470588236
0.3457873774509804
0.35710784313725485
0.43765318627450983
0.5863511029411764
0.35713848039215684
0.3246629901960784
0.4683976715686275
0.47913602941176464
0.350030637254902
0.3587162990196078
0.4341452205882353
0.5852175245098039
0.3465379901960784
0.3322457107843137
0.4966911764705883
0.4862898284313726
0.34702818627450976
0.3646446078431372
0.42812500000000003
0.585094975490196
0.3369791666666667
0.3379748774509803
0.5385569852941177
0.4909773284313725
0.3369025735294117
0.3735140931372549
0.42014399509803924
0.5865042892156863
0.3307444852941177
0.3425704656862745
0.5688419117647058
0.4880974264705882
0.33567708333333335
0.37712928921568634
0.4184436274509804
0.5891850490196079
0.3408547794117647
0.3443780637254902
0.5909620098039216
0.48218443627450974
0.3394148284313726
0.37449448529411766
0.41875000000000007
0.5915441176470587
0.3587316176470588
0.34751838235294114
0.6089154411764705
0.4825980392156863
0.3466911764705883
0.36041666666666666
0.415655637254902
0.5886182598039216
0.37671568627450974
0.36000306372549024
0.6143841911764705
0.48497242647058825
0.3529564950980392
0.34154411764705883
0.4115042892156862
0.5870098039215685
0.3880821078431373
0.37166053921568626
0.6041973039215687
0.48867953431372546
0.3572763480392157
0.3197610294117647
0.4079197303921569
0.5898131127450981
0.39099264705882353
0.37965686274509797
0.5916053921568628
0.49183517156862744
0.36090686274509803
0.3028186274509805
0.385968137254902
0.5897058823529411
0.39469975490196074
0.3841299019607842
0.5799785539215686
0.49396446078431366
0.36421568627450984
0.29062499999999997
0.3513939950980392
0.5872855392156862
0.3996017156862745
0.3859221813725491
0.5813878676470587
0.49584865196078437
0.3659313725490196
0.2818780637254902
0.32224264705882344
0.5835784313725491
0.40733762254901956
0.3841911764705882
0.5918964460784314
0.49649203431372546
0.36642156862745096
0.2785539215686274
0.3052389705882353
0.5794577205882353
0.41280637254901964
0.38298100490196074
0.610202205882353
0.4955422794117647
0.36502757352941173
0.2826899509803921
0.3104932598039215
0.5760569852941175
0.40983455882352937
0.3844975490196078
0.6264399509803922
0.4883884803921567
0.3649509803921569
0.2875919117647059
0.3222579656862746
0.5716605392156862
0.417156862745098
0.39068627450980403
0.6377910539215687
0.47590379901960794
0.36588541666666663
0.2919730392156863
0.3380208333333333
0.5667892156862746
0.4347426470588236
0.4003829656862745
0.629779411764706
0.46279105392156855
0.36708026960784307
0.29232536764705885
0.34810049019607847
0.5652879901960784
0.4463235294117647
0.40690870098039217
0.6055606617647059
0.45142463235294117
0.36681985294117647
0.2931678921568628
0.35572916666666665
0.564001225490196
0.4559436274509803
0.4103247549019607
0.5593290441176471
0.4464920343137254
0.36217830882352947
0.3017463235294118
0.36737132352941176
0.5576439950980392
0.46729473039215685
0.4106158088235294
0.5312959558823529
0.44045649509803914
0.3597579656862745
0.31090686274509804
0.3689797794117647
0.5567095588235293
0.47313112745098035
0.4060968137254903
0.5330269607843136
0.43219975490196083
0.36155024509803924
0.31920955882352936
0.3582414215686274
0.5633884803921568
0.4725949754901961
0.3967830882352941
0.5387254901960783
0.42647058823529405
0.3613664215686274
0.32729779411764703
0.3550857843137255
0.565548406862745
0.47763480392156865
0.3922640931372549
0.5508884803921568
0.42173713235294114
0.3605545343137255
0.33348651960784315
0.35703124999999997
0.5639705882352942
0.4846660539215686
0.3903952205882353
0.5734068627450981
0.4163449754901961
0.3633731617647059
0.33321078431372547
0.36121323529411764
0.5596354166666667
0.48742340686274505
0.387484681372549
0.6001991421568627
0.4119791666666666
0.3645526960784313
0.3334099264705882
0.36623774509803925
0.5533241421568628
0.48515625
0.3845435049019608
0.6289062500000001
0.40908394607843135
0.36053921568627445
0.33838848039215685
0.37031250000000004
0.5443627450980392
0.4766237745098039
0.38307291666666665
0.6466758578431372
0.410125612745098
0.3537683823529411
0.34404105392156864
0.37400428921568635
0.5371783088235293
0.4696537990196079
0.3814185049019608
0.6526501225490194
0.41508884803921553
0.3459865196078431
0.349188112745098
0.37763480392156856
0.5315410539215686
0.46369485294117646
0.3803002450980392
0.6402420343137256
0.4266544117647058
0.34299938725490187
0.3513480392156862
0.3856158088235294
0.5280637254901961
0.4603707107843137
0.3795189950980392
0.6215379901960784
0.44079350490196073
0.3426930147058823
0.355484068627451
0.3954350490196078
0.5246476715686275
0.4596507352941176
0.3782628676470588
0.6058057598039216
0.45663296568627443
0.34424019607843137
0.367922794117647
0.406295955882353
0.5182291666666665
0.45998774509803925
0.37680759803921576
0.6022671568627451
0.4685968137254903
0.34526654411764696
0.3776194852941176
0.4141237745098039
0.5120251225490194
0.4792892156862745
0.3754595588235294
0.6123621323529412
0.4758578431372549
0.3449295343137254
0.38299632352941176
0.41806066176470585
0.5058057598039216
0.5206188725490197
0.3739123774509804
0.6305453431372549
0.48504901960784313
0.3456188725490196
0.3897365196078431
0.41490502450980393
0.4992953431372548
0.5489889705882351
0.37262561274509803
0.6512254901960786
0.49315257352941166
0.3477328431372549
0.395281862745098
0.40749080882352945
0.49364276960784315
0.5643688725490197
0.3717064950980392
0.6757659313725489
0.4940410539215686
0.3557444852941177
0.39557291666666666
0.4018382352941176
0.4927083333333334
0.5603553921568627
0.37075674019607846
0.6666819852941176
0.4971660539215687
0.358501838235294
0.3966758578431372
0.4011182598039216
0.4863817401960784
0.5524356617647058
0.37256433823529417
0.6084252450980392
0.5061580882352941
0.35223651960784313
0.4015625000000001
0.4077359068627451
0.47058823529411764
0.5469362745098039
0.3779105392156863
0.527282475490196
0.5149969362745098
0.34322916666666664
0.40012254901960786
0.4201746323529411
0.45595894607843135
0.5435355392156862
0.3790287990196078
0.43449754901960785
0.5212622549019608
0.33414522058823526
0.3944240196078431
0.4349571078431372
0.44408700980392163
0.5415747549019607
0.376547181372549
0.36243872549019596
0.515625
0.33291973039215683
0.39025735294117647
0.4412837009803921
0.4417892156862745
0.5446231617647058
0.37571997549019603
0.3195618872549019
0.5047028186274509
0.3356464460784314
0.38716299019607847
0.4419424019607843
0.4415747549019607
0.5439185049019607
0.3755208333333333
0.320358455882353
0.4910998774509803
0.34021139705882353
0.3872549019607843
0.4349264705882353
0.4394148284313726
0.5308057598039215
0.3764859068627451
0.35626531862745087
0.48207720588235303
0.34189644607843134
0.38590686274509806
0.43075980392156865
0.4366574754901961
0.5204810049019608
0.3740808823529411
0.42231924019607847
0.4777420343137256
0.3402573529411764
0.3834099264705883
0.4302389705882353
0.4331341911764706
0.5139093137254902
0.3692248774509803
0.47584252450980385
0.4733302696078431
0.3340379901960785
0.3878063725490196
0.43336397058823517
0.4363664215686274
0.5073069852941178
0.3680606617647058
0.5214920343137255
0.46674325980392156
0.3283547794117647
0.3942555147058823
0.44028799019607845
0.43861825980392155
0.5095588235294117
0.3697303921568627
0.5580729166666667
0.4523284313725489
0.32873774509803927
0.3980545343137255
0.4522365196078431
0.4322457107843137
0.5405024509803922
0.3754442401960784
0.5877910539215685
0.4447303921568627
0.3363051470588236
0.40405943627450974
0.4631740196078431
0.42336090686274513
0.5721660539215685
0.3801317401960784
0.6117034313725489
0.4470894607843137
0.35165441176470585
0.4133578431372549
0.47167585784313726
0.4130974264705883
0.5980545343137255
0.38241421568627454
0.6369791666666665
0.4426164215686275
0.36009497549019603
0.4134803921568627
0.48569240196078434
0.4108455882352941
0.6033700980392157
0.3802696078431373
0.6568014705882352
0.4331648284313725
0.363327205882353
0.40894607843137254
0.4996017156862745
0.4131127450980392
0.5945159313725491
0.3770526960784314
0.6520833333333333
0.4221507352941177
0.362515318627451
0.40922181372549016
0.49895833333333334
0.41300551470588237
0.5839001225490197
0.3811427696078431
0.633547794117647
0.41515012254901956
0.36447610294117644
0.41459865196078427
0.4895373774509804
0.407858455882353
0.5772058823529412
0.3929074754901961
0.6015778186274511
0.4162837009803922
0.37340686274509804
0.4275275735294118
0.47061887254901963
0.3924938725490196
0.5829810049019608
0.41432291666666665
0.5843290441176471
0.42086397058823527
0.3806678921568628
0.4383884803921569
0.4661305147058824
0.38416053921568627
0.5633425245098039
0.43779105392156864
0.5830269607843137
0.42689950980392155
0.38575367647058817
0.4476102941176471
0.4755208333333333
0.38391544117647064
0.5213082107843137
0.46127450980392154
0.596798406862745
0.4286764705882353
0.38610600490196084
0.45873161764705894
0.492248774509804
0.39229473039215684
0.4782475490196078
0.4784007352941177
0.616375612745098
0.4277573529411765
0.3858302696078431
0.46951593137254904
0.5065410539215687
0.4008578431372549
0.446798406862745
0.49148284313725493
0.6309742647058824
0.42512254901960783
0.3896905637254901
0.47685355392156864
0.5061580882352941
0.40059742647058827
0.44540441176470585
0.5007046568627451
0.6387101715686274
0.4248621323529412
0.3881433823529412
0.48759191176470595
0.5036305147058824
0.40070465686274515
0.45438112745098036
0.5116115196078431
0.6380208333333334
0.4275275735294118
0.38002450980392155
0.5014705882352941
0.5012561274509805
0.40208333333333335
0.46951593137254904
0.5251685049019608
0.6121783088235294
0.42418811274509793
0.3806525735294118
0.5081495098039216
0.5061580882352941
0.40125612745098044
0.48293504901960793
0.5352481617647059
0.561611519607843
0.4164828431372549
0.3798560049019608
0.5114583333333333
0.5130974264705881
0.3987591911764706
0.487530637254902
0.5425245098039215
0.4734528186274509
0.40523897058823527
0.35588235294117654
0.5193014705882353
0.5171415441176469
0.3990502450980392
0.4584252450980393
0.5463388480392157
0.4043964460784314
0.39825367647058824
0.3301164215686274
0.5239583333333333
0.5047487745098038
0.3897212009803922
0.43386948529411773
0.5492187500000001
0.37881433823529403
0.3995710784313725
0.30903799019607847
0.5230392156862745
0.4680300245098039
0.3652573529411764
0.4287224264705883
0.5524662990196078
0.398376225490196
0.4000612745098039
0.298452818627451
0.51484375
0.4257199754901961
0.34551164215686264
0.4336550245098039
0.5548866421568627
0.4471507352941177
0.4004289215686274
0.29486825980392156
0.5019454656862745
0.3840686274509803
0.33328737745098036
0.44378063725490197
0.5563878676470587
0.4774662990196078
0.40389093137254906
0.29142156862745094
0.49610906862745086
0.36979166666666663
0.33615196078431375
0.43255208333333334
0.5539062499999999
0.5043198529411763
0.41027879901960773
0.29436274509803917
0.49007352941176463
0.36809129901960785
0.3553002450980392
0.43635110294117646
0.5484068627450981
0.5361979166666666
0.4206341911764706
0.30773590686274505
0.47726715686274523
0.3734375
0.3966452205882353
0.48920036764705876
0.5387714460784314
0.5582567401960784
0.42653186274509797
0.3244944852941177
0.47227328431372545
0.3715533088235295
0.4346507352941177
0.5215992647058824
0.5318627450980393
0.570266544117647
0.42827818627450986
0.3443321078431373
0.4755208333333332
0.3623621323529412
0.46556372549019603
0.5300091911764707
0.5280024509803921
0.5885723039215687
0.43481924019607837
0.3657322303921568
0.47936580882352936
0.3614583333333334
0.4860294117647059
0.5568167892156862
0.5199295343137255
0.6068933823529412
0.4384191176470588
0.3857536764705883
0.48028492647058824
0.36380208333333336
0.49924938725490187
0.5735294117647058
0.5088848039215687
0.6204810049019608
0.4238664215686274
0.3979779411764706
0.46893382352941176
0.36764705882352944
0.5094056372549018
0.5333792892156862
0.4948069852941177
0.6235753676470588
0.41922487745098036
0.4096813725490196
0.46069240196078437
0.3710018382352941
0.5143995098039216
0.48774509803921573
0.48169424019607837
0.6138174019607843
0.43253676470588237
0.42336090686274513
0.4603707107843137
0.3736519607843136
0.5148437499999999
0.4487898284313725
0.47075674019607844
0.610952818627451
0.432015931372549
0.428140318627451
0.45678615196078437
0.38089767156862747
0.5108762254901961
0.4266697303921569
0.46011029411764715
0.6139093137254902
0.42792585784313725
0.42797181372549015
0.4515318627450981
0.3876991421568627
0.5041207107843138
0.41510416666666666
0.44834558823529413
0.6225030637254902
0.4547947303921568
0.4325061274509804
0.4512254901960784
0.3759497549019607
0.5004136029411765
0.3961703431372548
0.42944240196078426
0.6362285539215685
0.47380514705882354
0.43667279411764703
0.4508425245098039
0.3637254901960784
0.4838235294117646
0.3816789215686274
0.41712622549019607
0.6551164215686274
0.462530637254902
0.43861825980392155
0.4495710784313726
0.360125612745098
0.44152879901960784
0.3750765931372549
0.4204810049019608
0.6790747549019608
0.4582414215686274
0.43999693627450986
0.44149816176470585
0.3613664215686274
0.40712316176470587
0.3793964460784313
0.4295343137254902
0.7042279411764707
0.45974264705882356
0.4429074754901961
0.4295343137254902
0.36608455882352936
0.38281249999999994
0.39306748466257674
0.44399509803921566
0.7066482843137255
0.4434436274509803
0.4592218137254902
0.4331801470588236
0.3673406862745098
0.3620710784313726
0.4187130723781388
0.46268382352941173
0.6833946078431372
0.42015931372549015
0.4893535539215687
0.4402573529411765
0.3661891908471873
0.3349572188391274
0.4351384805817731
0.47596507352941175
0.6151501225490195
0.396920955882353
0.5420802696078431
0.43768382352941176
0.36434881295626037
0.3011180507363714
0.4183013613861386
0.4696537990196078
0.5728247549019606
0.3799172794117646
0.5802542892156864
0.4339613970588236
0.36504407819087775
0.2741562644475265
0.3922520405639376
0.46056985294117647
0.5712469362745098
0.371890318627451
0.5960784313725489
0.43034620098039217
0.3683403602912994
0.2562683968006904
0.36079940647315206
0.4517463235294117
0.5965686274509804
0.3802083333333333
0.5786458333333334
0.42337622549019605
0.36380222307397475
0.24884685991083416
0.3593001329252836
0.44512867647058824
0.6333639705882352
0.3974571078431373
0.5475337009803921
0.4173100490196078
0.35552318896128793
0.24949868887860557
0.36384432285387497
0.4403952205882353
0.6455729166666667
0.41106004901960785
0.5444240196078431
0.42136948529411755
0.34937155119558555
0.25125783251535644
0.3235339577730378
0.4346507352941175
0.659329044117647
0.4294270833333334
0.5396292892156862
0.4272212009803922
0.35016551216820935
0.2560113590764576
0.27611363566107144
0.43494178921568627
0.6838848039215685
0.4561274509803922
0.5220588235294117
0.43144914215686275
0.36155213633298594
0.26423943227398944
0.23355253002377202
0.4443167892156863
0.7075214460784313
0.47336090686274507
0.5117800245098038
0.43129595588235287
0.36968981793661493
0.25547670472076517
0.20459386866722237
0.46813725490196084
0.7298406862745098
0.47939644607843135
0.5028952205882354
0.4278186274509804
0.3732605897137252
0.23448009873495834
0.19094810286808064
0.4998161764705883
0.7473651960784313
0.46738664215686265
0.4655330882352941
0.42715992647058826
0.3649871197252208
0.22268816872745215
0.1865796054459572
0.5121629901960784
0.7591145833333333
0.4466299019607843
0.42803308823529407
0.42499999999999993
0.35373221295387625
0.21819695381389903
0.2064462350652959
0.5123468137254901
0.763174019607843
0.42051164215686276
0.4161917892156862
0.4169117647058823
0.3468473994111874
0.22745073853649514
0.2694266925997962
0.49817708333333344
0.7501838235294118
0.4146446078431373
0.396109068627451
0.41072303921568626
0.3346111383709519
0.2236393639826653
0.31787026459600476
0.49146752450980385
0.72109375
0.42797181372549015
0.3652726715686274
0.40775122549019605
0.3168423151855431
0.2049395285696656
0.3437065851625451
0.49502144607843146
0.7016390931372547
0.40053615196078435
0.33034620098039214
0.41453737745098035
0.3078257398993
0.19942918852206107
0.35777112523918275
0.4971507352941175
0.6913756127450981
0.3597273284313725
0.2930606617647059
0.4220128676470588
0.3089248714603637
0.19792630994260324
0.36567486650822556
0.5040594362745097
0.6953431372549018
0.33360906862745104
0.2521599264705882
0.41950061274509803
0.3256542091934617
0.19074065503463383
0.38133893021389537
0.5234221813725491
0.6984528186274509
0.32820159313725483
0.23230698529411764
0.41410845588235295
0.33810817864983955
0.18399012878846302
0.3785418853015618
0.5449754901960786
0.6951593137254902
0.3486519607843137
0.2436734068627451
0.40876337656762646
0.3391751785577145
0.17941362451610912
0.3489894545061529
0.5661764705882354
0.6961397058823527
0.35726102941176463
0.25333946078431374
0.3945567794789973
0.3444992243775822
0.17784324007526453
0.324575629797816
0.5864889705882352
0.6972273284313726
0.3602787990196078
0.260110294117647
0.37838293437950166
0.35229402907101814
0.17769991819599007
0.30299517804154297
0.6020220588235295
0.6863664215686273
0.37440257352941175
0.2554993872549019
0.3797675987245523
0.36331924702266616
0.1811694930960986
0.2821409235052982
0.6004901960784313
0.6608609068627451
0.3778339460784313
0.2516390931372549
0.37113766201855153
0.36869618696186957
0.1746676970633694
0.2657196735501422
0.5925857843137255
0.6122089460784312
0.3547334558823529
0.2575827205882353
0.33186508547666715
0.3611606868114961
0.14623319980821875
0.25231363460795675
0.5834712009803921
0.5815716911764706
0.33610600490196074
0.2512714460784314
0.31413628767716784
0.36305693259845434
0.12764574823616787
0.2525321146245059
0.5711397058823529
0.572625612745098
0.32285539215686265
0.23227634803921568
0.3206375267185031
0.37319895828517724
0.12107193142609579
0.26906805830039526
0.5573835784313725
0.5955269607843137
0.3034160539215686
0.20879289215686275
0.31565097596086866
0.36676893664914195
0.12432490985902414
0.32519911094647164
0.5563572303921569
0.6297640931372548
0.2858762254901961
0.18673406862745098
0.30313356774423394
0.35757444971946484
0.12801078768715707
0.38771542746054033
0.5631740196078432
0.6551776960784313
0.2808976715686275
0.17591911764705884
0.28346688572358525
0.35669428628739835
0.12415940996002355
0.4143567107050253
0.5782015931372549
0.6810968137254901
0.2699448529411764
0.17037377450980393
0.2727962466903055
0.3592805133901025
0.12025777268291171
0.44248688676334463
0.5877450980392157
0.7078737745098039
0.24880514705882348
0.16847426470588234
0.2731045589692765
0.36248552682362023
0.11783572723469529
0.47697053833101954
0.5892463235294116
0.7225643382352942
0.2249234068627451
0.16116727941176467
0.26934048556633905
0.35165141019297375
0.12303685214182727
0.49915165350444235
0.603140318627451
0.7276041666666668
0.20652573529411763
0.15344669117647058
0.2654615981380915
0.3323266583035203
0.1336483346243222
0.5116465615648043
0.6216145833333331
0.7273743872549019
0.2169424019607843
0.15840992647058827
0.26874864252691677
0.3136920188084855
0.1435299950421418
0.5133129705047514
0.6298713235294118
0.7213235294117645
0.23301164215686276
0.15873161764705881
0.2720091869830382
0.29869383571217795
0.14737152067447773
0.5047974578101379
0.6328737745098039
0.7097732843137255
0.24678308823529413
0.1449601715686274
0.2721646919799732
0.28817167542033134
0.1423407490148624
0.4864881539980256
0.6325520833333333
0.6980392156862746
0.24100796568627456
0.1330177551051672
0.26320863264608013
0.2838359319080074
0.13557266153487288
0.458569842053307
0.6272671568627451
0.6889705882352941
0.2227328431372549
0.12053997475602624
0.24824217534689813
0.28290334641989157
0.13421975362273872
0.4255306021717671
0.6173100490196077
0.6889705882352942
0.2298406862745098
0.11993396997793858
0.2574782689392768
0.27398200277600165
0.13635163879702517
0.40548794595344956
0.6000919117647058
0.6935355392156862
0.24100796568627456
0.12545704191672197
0.2694642911900892
0.2599743806042428
0.1411573068569655
0.3958975465417335
0.5794117647058823
0.7006280637254901
0.24181985294117647
0.13243114104718012
0.26117249846531615
0.2403093493643935
0.14112409053536248
0.3990267639902676
0.5583486519607843
0.6994178921568628
0.23201593137254897
0.13685476040012942
0.2490651627536321
0.2256112892073669
0.13871378443002202
0.40077892889579897
0.5400582107843137
0.6872702205882354
0.21358762254901958
0.13898179688342918
0.23247549019607844
0.22008823066015443
0.13415411400767926
0.3989225796521471
0.5246936274509805
0.6542585784313725
0.22192095588235294
0.14003975162935456
0.23206188725490196
0.22250768382063205
0.13298906534351623
0.3923635692080397
0.507046568627451
0.6212316176470588
0.24572610294117647
0.1403130391915208
0.23872549019607844
0.23061019922315498
0.13429800183204213
0.3893805309734513
0.49128370098039215
0.625107230392157
0.2725183823529412
0.14096006901651464
0.24091605392156862
0.22526871641044868
0.13007512973433505
0.4038112243327279
0.48183210784313724
0.6462928921568628
0.30845588235294125
0.1392071705784513
0.24082414215686276
0.21387987012987014
0.12545798919456
0.43107827291618567
0.4780330882352941
0.681985294117647
0.3576593137254902
0.13159921148278195
0.23731617647058822
0.19470649073870933
0.12958480729845465
0.4720970643866582
0.4789368872549019
0.6902726715686275
0.38483455882352935
0.13402363222352143
0.22797046387646297
0.18557686281882557
0.13811161724148618
0.5091303144886101
0.47959558823529413
0.6808517156862743
0.3970588235294118
0.15062465382485077
0.2149959400039834
0.1785854586024293
0.14867790320086594
0.5414898197699454
0.4811274509803921
0.6837009803921568
0.4157169117647059
0.22283921182569102
0.20522365196078432
0.16316983047084385
0.14649849514412489
0.5652374649881499
0.4893075980392157
0.6840073529411764
0.4305912990196078
0.26034684213763
0.19719669117647057
0.1623255008734793
0.15096490012167138
0.5794408350524985
0.5017922794117646
0.673483455882353
0.43515624999999997
0.1873654756780026
0.19339767156862744
0.1640638407413763
0.15405646177003657
0.5809707241910631
0.5174325980392157
0.6629595588235293
0.4447303921568627
0.14113523153557592
0.18331801470588238
0.1627715320862683
0.1502919483712354
0.5823935078760202
0.5323069852941177
0.6532628676470588
0.458655024509804
0.13057912209516784
0.16737651672999143
0.16068766306373458
0.14428303799023373
0.5835802469135801
0.5441329656862745
0.6464767156862746
0.46050857843137255
0.12520742425173623
0.15980392156862747
0.15573706849697969
0.14598248578890766
0.5670061728395062
0.5405177696078431
0.6410079656862745
0.4558976715686275
0.12364021879417365
0.15912990196078428
0.15099759335455326
0.14904090202894982
0.5431172839506172
0.52890625
0.6326439950980393
0.44555759803921563
0.12078237354803026
0.16666666666666666
0.14862496316173163
0.14274258219727348
0.5200462962962964
0.5150122549019608
0.6340379901960784
0.437561274509804
0.1203919882034898
0.17130821078431374
0.15160846086001206
0.14297864443997707
0.5045405405405405
0.5095435049019607
0.6482230392156862
0.4330116421568627
0.12370579741313097
0.16951619327756842
0.15594523776299674
0.1506106466950496
0.49934382189010174
0.5159160539215686
0.6756433823529411
0.4300857843137255
0.1327301772602992
0.16559436274509803
0.17209720692917294
0.14667893800892268
0.4976864704793634
0.5225949754901961
0.7057751225490196
0.42942708333333335
0.1454179595096925
0.15062826332832377
0.19042307632724512
0.13465067043048692
0.4958321135267562
0.5312959558823529
0.7121017156862747
0.43350183823529415
0.15969115754641827
0.14721792890262753
0.1854983584216069
0.1301721297327831
0.48181314623338256
0.5477634803921568
0.7005055147058823
0.4340073529411765
0.16494071509543795
0.14684601113172546
0.1797496102131864
0.12977625864312706
0.47032554128553383
0.5531709558823529
0.6682598039215685
0.4235447303921569
0.15858936189803874
0.15692764562130726
0.16955932942110427
0.13426413079327185
0.47135992088632034
0.5371936274509803
0.6424785539215687
0.4350490196078431
0.14380880750280123
0.16351919391729
0.16700201207243456
0.15115520167080015
0.4725244158734083
0.5103400735294118
0.6222120098039216
0.46583946078431376
0.1292935940829886
0.15677800833112315
0.17169928549238894
0.16451441712365117
0.4706518548274956
0.472579656862745
0.6103094362745097
0.4991268382352942
0.1302778213781196
0.1555548617723732
0.17328469419434953
0.16865897333863902
0.4594110194369767
0.421001838235294
0.6024050245098039
0.5320791715178627
0.13703604722453666
0.1504078405586085
0.1829375821795963
0.17187723964388663
0.44763273379071633
0.3701286764705882
0.5954044117647058
0.5610712753569895
0.14216062834119803
0.15030293615038065
0.19593461532433745
0.1795155953872346
0.4423962421582867
0.3331495098039216
0.590563725490196
0.5793191150334007
0.1397179917499255
0.15128478499358766
0.2086368121798788
0.17686390340484925
0.44210997560900306
0.316360294117647
0.5875612745098039
0.5853916401078696
0.13213708221479142
0.15095302927161336
0.20917786203560676
0.16046371721704633
0.44484238476025817
0.319561887254902
0.5698529411764706
0.5854940541865882
0.12906960371720458
0.16079997523296496
0.20646238337441875
0.15407982585811983
0.438994642829574
0.32513786764705876
0.543795955882353
0.5821073924236853
0.1294693673886264
0.1754619455879167
0.20476101335330088
0.14943221623030672
0.4333935547628975
0.3303155637254902
0.5164215686274508
0.5806090872882134
0.1297173486241391
0.18769321132682085
0.21111076452790167
0.15356145704824362
0.4383773182821935
0.3266850490196078
0.49739583333333326
0.5790287990196079
0.1330414595765233
0.19573652398398492
0.21575625340917942
0.1604477611940298
0.4659831382600908
0.3217984068627451
0.4912990196078432
0.5783241421568627
0.1405327057650048
0.20297075518262586
0.21462700969634713
0.18429538343656213
0.524567367119901
0.31850490196078424
0.4834865196078431
0.567861519607843
0.14000405356947976
0.1982408764755806
0.2202209376606784
0.19398989338951636
0.563867084483882
0.3065104166666667
0.47455575980392156
0.5517922794117647
0.13360784864224104
0.1862945419646451
0.22876613836006127
0.19081806459829023
0.5863726011958802
0.28956801470588234
0.463970588235294
0.547748161764706
0.12794229900456439
0.1898218435321456
0.22777951280449715
0.19655112294549312
0.5928371856743714
0.2778645833333333
0.45479473039215684
0.5437806372549019
0.12536997227155186
0.1911167988014233
0.22114483792392728
0.20417714114057134
0.5909083615474718
0.270343137254902
0.45045955882352945
0.5309129901960785
0.12812187812187814
0.19851475899862997
0.21360586674988297
0.21128521684077245
0.5874853669879246
0.26790747549019606
0.44690563725490196
0.522211662272365
0.13445456814777834
0.19079524107701937
0.2100852139713456
0.2087377879533943
0.5823400125134358
0.2667585784313725
0.4442095588235294
0.5177697676202164
0.14433600449003775
0.18063130838191963
0.2135876934586431
0.19091052548524542
0.5767538596912246
0.26691176470588235
0.44537377450980387
0.5117131767485386
0.14444201038993557
0.196222044853436
0.21886434054213955
0.19123938345391636
0.556875708650729
0.2707107843137255
0.4489736519607843
0.5052615431814694
0.14084004959702418
0.2282713252862507
0.22714405698821044
0.1959966247890493
0.5363354585896222
0.27754289215686273
0.4530177696078432
0.49716118340289706
0.13944456431279473
0.26389420940531094
0.24473290219018656
0.18654130080037298
0.522066980722543
0.28696384803921565
0.4555300245098039
0.49337224483526604
0.15915929818063979
0.2808823529411764
0.24816056626618235
0.17526383887511884
0.5096718452504759
0.2962469362745098
0.4547794117647059
0.4943778801843319
0.20461918739378956
0.2839307598039216
0.24837261329563293
0.1681676534746027
0.5052090011539941
0.3040441176470588
0.4553462009803921
0.48701179071481215
0.19720813752164235
0.26893382352941175
0.2467716802690652
0.1785386636811743
0.5064411589249149
0.3092984068627451
0.4573682598039216
0.4760280811711754
0.16161412748818837
0.24669117647058825
0.23548814698356918
0.19426815833165234
0.5022336385972749
0.312469362745098
0.46173406862745103
0.46753306817130685
0.14901033237893688
0.24840686274509802
0.2250261265138009
0.19858475194363834
0.4944118113986348
0.31478247549019606
0.46574754901960774
0.4690457047436452
0.143845973965235
0.25035232843137256
0.22177673318278876
0.20080252310766927
0.48439504061564775
0.3173253676470588
0.4666360294117647
0.48600009276581285
0.1486735127144632
0.24191176470588233
0.2335108183804745
0.19865304007912213
0.47228710308692634
0.3209405637254902
0.4714307598039215
0.5134888469510875
0.1538302442128709
0.23244485294117648
0.24872838250254328
0.20419982108385518
0.46521284351326503
0.32457107843137256
0.47867647058823526
0.5461443171260453
0.1579014328652534
0.224234068627451
0.26642347001600786
0.21348279277438015
0.46442867394944587
0.3275582107843137
0.4799325980392157
0.5579288628290444
0.15892607201934092
0.22841605392156858
0.2676563895647889
0.23481704117169977
0.4681190902121134
0.3226562499999999
0.4740349264705881
0.563572542901716
0.1573039075188688
0.23745404411764712
0.2649138516642994
0.25619286695400934
0.4673426116345434
0.317248774509804
0.4572763480392157
0.5736922279630008
0.1536561264822134
0.24296875000000004
0.2712001116815834
0.2676359974193142
0.4539550507878109
0.3188572303921569
0.4423253676470589
0.5840897210473791
0.15139048348003573
0.246859681372549
0.297003149655409
0.27557302750207113
0.44563584646361337
0.320266544117647
0.43192401960784316
0.5861307071950508
0.1469038418548207
0.24967830882352937
0.3416102095478179
0.26185852981969493
0.44857225174466986
0.31983762254901954
0.4262561274509804
0.5778156673297338
0.14903340870728365
0.2795649509803922
0.34488199015123744
0.2429741815451905
0.468236687906247
0.31609987745098045
0.4231004901960783
0.5648259114419073
0.15130487493619188
0.3139093137254902
0.3275578621623364
0.23274254487668036
0.4989217424641778
0.3123008578431372
0.41767769607843136
0.568578316310347
0.15861814565925164
0.30847120098039216
0.32573586871581145
0.23312120666808447
0.5365315070246743
0.3165287990196079
0.41462928921568626
0.5681829006906407
0.17203054025321346
0.2988204656862746
0.33056778602878356
0.24424978058918012
0.5619724638146282
0.31830575980392156
0.41484375
0.5608971295676829
0.1984387047031612
0.2980480019642747
0.3460163899000981
0.2593454116567834
0.5637581736098838
0.31386335784313724
0.4177849264705882
0.5477649230573371
0.20819348311358785
0.29909425852011057
0.344358562537643
0.2735392870339133
0.5589605965160378
0.2987591911764706
0.42113970588235294
0.5328764291506989
0.20521214455356562
0.30143386251517623
0.32336613883111986
0.28906703481166557
0.5497814629129708
0.2772671568627451
0.4134650735294117
0.5271163810916489
0.21282303638326242
0.306549909200037
0.3112552854975631
0.3028508533957555
0.5390439143573588
0.2645680147058823
0.4007812500000001
0.5242062419511264
0.21481621052962144
0.308538283062645
0.3031776294884016
0.31686544390122395
0.5316728612572604
0.2580422794117647
0.3858609068627451
0.5200419094185068
0.19956154087065456
0.3098248499045905
0.2948782562131855
0.3435493891074757
0.527956282751879
0.25952818627450974
0.3708486519607843
0.5158605602320825
0.1893599414367103
0.3091582681862422
0.28445301718730404
0.36222820858187416
0.5323913495196841
0.2529564950980392
0.35730698529411764
0.5127887592283877
0.17036811194197507
0.3070181030086691
0.2728714718917657
0.3863872338386339
0.5493153308436274
0.238235294117647
0.35088848039215675
0.5055105838197173
0.16020230655241283
0.3119013062409288
0.2656395457084341
0.40287769784172656
0.5645315640052314
0.22823223039215687
0.3494025735294118
0.49867863852007516
0.1673076306765375
0.32327733415732895
0.260868218974486
0.4156078406333801
0.5730152920770808
0.22236519607843133
0.3512408088235295
0.49821735531928435
0.18439795237035395
0.3272027926821384
0.2599088202456271
0.42707171759008505
0.5670945527823176
0.22115502450980393
0.35467218137254897
0.4978676002546149
0.1928634807960451
0.32535671582303716
0.25636363636363635
0.4395048731077827
0.5691029847670677
0.21982230392156868
0.35940563725490193
0.49547957851844787
0.18837235034696423
0.3202045633359559
0.24660070319549457
0.4541206118315071
0.5832911472505219
0.21836703431372548
0.36452205882352934
0.4927838997241137
0.18548412523252514
0.3140369658994301
0.23818554906106207
0.46706966855474646
0.5901103391908459
0.21983762254901965
0.3691942401960784
0.49168103723574114
0.18867894645148006
0.3072916666666667
0.2315645574393866
0.4742297451502472
0.5913911318662439
0.2228707107843137
0.37149203431372546
0.4973151590251963
0.2082719277394818
0.30118193661806025
0.23472694863069196
0.47582422810383923
0.5895544454300697
0.2214613970588235
0.37231924019607837
0.5163131105561001
0.22607649823550818
0.2938280122937967
0.2312003127850906
0.47107684577458153
0.5838598997065718
0.22328431372549015
0.3712928921568628
0.5578850981197012
0.2281992846516634
0.2893216650750661
0.2211138819617622
0.47253003797547155
0.5716527359164777
0.23397671568627448
0.36974571078431373
0.5770754762018429
0.2372707147375079
0.28946338255327814
0.2157759733363831
0.47571848693730845
0.5533072713057076
0.2369485294117647
0.36804534313725484
0.5668076953779836
0.25920045275188247
0.2928631690778989
0.21199038414364912
0.4818394388152767
0.5351552717255197
0.23396139705882352
0.37138480392156864
0.5582440703902064
0.272470277825766
0.28979884385858307
0.20981843735189815
0.48326440840729223
0.5175209327803428
0.2353094362745098
0.37432598039215687
0.5389150390166857
0.2843493156066821
0.2826330532212886
0.20943304007820138
0.48348906760882027
0.5011580594679186
0.2403033088235294
0.37117034313725483
0.5224574961360124
0.2988326970511068
0.27088646967340596
0.20766029946594153
0.47914859338207955
0.4860093896713615
0.25047487745098035
0.3695618872549019
0.5111540542629667
0.30980324473593374
0.2611241399661422
0.2079722418641364
0.47634167118407805
0.4828406813627253
0.2599417892156863
0.3712928921568627
0.4999768493510102
0.3154711541474726
0.25378976143141146
0.20760161596174467
0.4736508916853238
0.49444817515968326
0.2675091911764706
0.3762561274509804
0.5139964815900745
0.3148924848978059
0.24822066822066824
0.2067612137203166
0.46944135459152153
0.503818343666547
0.26996017156862745
0.3814338235294117
0.5459204940177536
0.31282837127845886
0.24379664179104482
0.20640928172412654
0.4640889944918458
0.5130532597997094
0.26832107843137254
0.38258272058823517
0.5901912656879544
0.32015804104069706
0.24227148969272658
0.21190751445086706
0.45838340883177714
0.5262196549839983
0.2644301470588235
0.38553921568627453
0.6262691826232092
0.3282130535912206
0.2430257176661062
0.2184182371821249
0.45401882693700224
0.5344154830653972
0.26041666666666663
0.39315257352941174
0.6412338918024166
0.33581006197024804
0.24868013268754577
0.2228283950213975
0.4518958076448828
0.5334644747318626
0.2572763480392157
0.3934129901960784
0.6511699984503331
0.34256698695414417
0.24855599612850862
0.2251129177958446
0.4483103841296245
0.5370607327882155
0.2548253676470588
0.3868412990196079
0.6569958175909947
0.3487938596491228
0.24581625950139196
0.220606461207965
0.4456824941821937
0.5445397815912636
0.2523437499999999
0.37561274509803927
0.6498165065979543
0.36220744180209563
0.24859281154680668
0.22528476073456644
0.44554837316219
0.5539356327574377
0.24875919117647058
0.36456801470588235
0.6386489966397637
0.37066213815117066
0.23853372621869195
0.2317656436827421
0.44361076374415265
0.5670980820208951
0.24574142156862747
0.358624387254902
0.6323202722503192
0.36682936015945
0.2306069536370517
0.2367926225085433
0.43557255928501726
0.5881866803885796
0.24350490196078428
0.35176164215686273
0.6260502214725957
0.36558904452226115
0.2236663652802893
0.23367484892414436
0.4305615818508647
0.592805037720556
0.25163909313725485
0.34347426470588227
0.618560416144397
0.3623923667675122
0.2194173817665656
0.23563865735526018
0.4268633106913557
0.5777538806807554
0.27083333333333337
0.33308823529411763
0.6240182022191748
0.36360134364695373
0.22455065558094675
0.23630682905056433
0.4151754207117204
0.5496366528397219
0.2958792892156863
0.3207261029411764
0.6308765591665758
0.36752241739344066
0.22902523583004117
0.23810125183513023
0.40698321800684
0.5134452208634889
0.3178921568627451
0.304718137254902
0.6145408718922115
0.37047370841637284
0.22813749257469457
0.23618782369232214
0.402394077302737
0.46956046529783746
0.32135416666666666
0.29197303921568624
0.6066653207646795
0.3743295841122927
0.22301097668456052
0.23209549071618035
0.3964304074026475
0.4415706119388998
0.3133731617647058
0.2846660539215686
0.6171588436431458
0.37863393253950006
0.21187640811071773
0.22424024174482135
0.3985789044121177
0.43694474370384245
0.2953125
0.28054534313725493
0.6308470094112157
0.37650216744056897
0.21317779771824122
0.21832527520985245
0.39193130004672366
0.4510012183311987
0.28503370098039216
0.2780330882352941
0.6469336458542153
0.3733382855904793
0.2078849571820973
0.22025048898984156
0.3827455342537459
0.47708128213543377
0.2806832107843137
0.2739889705882353
0.6451265813056245
0.37075398668524534
0.2043071281523417
0.22041511039667158
0.37795927834197574
0.4985220448676063
0.27965686274509804
0.27242647058823527
0.6375672766415499
0.36684437281095994
0.19579742422775245
0.21916381256017298
0.37098186986629655
0.5192204239098692
0.27982536764705884
0.27650122549019607
0.6287599188042075
0.36389707022167106
0.19410708798939144
0.2233548997948556
0.3684071990260915
0.5289696932439909
0.2789062499999999
0.27965686274509804
0.6251861632709462
0.361391590278101
0.19893311052910645
0.2281426126819159
0.3574518799079229
0.5349525884555192
0.2865962009803921
0.281188725490196
0.625776754890679
0.35938396637560677
0.1909919536321984
0.22602245640446617
0.33793675580714416
0.5369080138731163
0.3018382352941177
0.27682291666666664
0.6214657195894636
0.3596736993638066
0.19422804532577903
0.22383579298096715
0.33512134068041805
0.5420883694500331
0.30943627450980393
0.2754289215686274
0.6168456581773549
0.364555162342178
0.1885543143920997
0.2252666508651339
0.33782706974777615
0.5481611208406304
0.31659007352941176
0.2910232843137254
0.6161501541103768
0.3825071533524089
0.19250447891279437
0.2346846345765729
0.33632279696604706
0.5516204272035354
0.3331648284313725
0.3010263480392157
0.622226648688404
0.38966532383018293
0.198299008022637
0.24525503205843888
0.32879829651663656
0.5522539253756542
0.3454656862745098
0.3013327205882353
0.6361435444822408
0.3825945443273404
0.1993321718931475
0.2548110103522992
0.31523693803159175
0.5515728768846148
0.35165441176470585
0.3024969362745098
0.6423633994942141
0.3740307673221264
0.1989347966429955
0.2535536544904531
0.3306692500201823
0.5561043702351551
0.3591911764705882
0.303125
0.6438879261428988
0.3646667908825538
0.19581435907373315
0.24739396703368308
0.3577707879667716
0.5631318167175443
0.37038909313725493
0.3017310049019608
0.6466927262972331
0.361818803206363
0.18855942473943602
0.2362122788761707
0.3665301232129268
0.5680350871812173
0.3935814950980392
0.2996017156862745
0.6435083740672071
0.35794679399727153
0.18581418581418582
0.23034101082444863
0.36016067130683665
0.5705480082185899
0.41246936274509804
0.297702205882353
0.6315894323893588
0.3461490837048044
0.187602403058438
0.2326223499588265
0.33601383202570667
0.5705701102202873
0.4197150735294118
0.2963541666666667
0.6014680417426483
0.3494817693873774
0.2035765582335022
0.24661666134695182
0.32283798554578524
0.5592485327694265
0.42628676470588234
0.29512867647058827
0.5561820995694212
0.3592629235716053
0.20731591898542492
0.25145467660495313
0.3220468473154635
0.5399111383483989
0.4321537990196078
0.2852941176470588
0.5185542685542686
0.3616231597179265
0.20646345128683738
0.24531813988119325
0.3174595469255664
0.5291341719398777
0.4391544117647059
0.2748774509803921
0.4860053619302948
0.36076027545316985
0.19856367698691346
0.245081051319007
0.31529445811025897
0.5178585109480105
0.4481770833333333
0.2699448529411764
0.45910330667157
0.3550624133148405
0.2026164544501953
0.2421488008631823
0.31510747415636403
0.5001532473105098
0.4634191176470588
0.26948529411764705
0.43700672766003085
0.34980444088571344
0.2054733844815313
0.24509225575984006
0.30919558871229325
0.47625469312696345
0.4654564950980392
0.274203431372549
0.4202629519966863
0.34794440515359304
0.20946585104370308
0.25127525995683736
0.30835903262457387
0.44688156220781405
0.45133272058823515
0.30199142156862746
0.4133218153210132
0.34742514048187206
0.2098065324665152
0.2599448280364984
0.29851570366039826
0.42967049808429125
0.43092830882352934
0.3404564950980392
0.4181001897650308
0.34954660415767075
0.2122550632019172
0.26407195421095664
0.286268462911865
0.42008768433638893
0.40870098039215685
0.36902573529411764
0.42665306816250215
0.34966651155576234
0.21176396617309567
0.2647340797192116
0.28075065633811946
0.41186934519245516
0.3956954656862746
0.389813112745098
0.43328129588698083
0.35460058001581857
0.21364413023372475
0.26486854696141554
0.2848840973840974
0.4193934189947561
0.3897824754901961
0.4025888480392158
0.43568509522708004
0.36013519799063537
0.21390567370320968
0.26727764913081764
0.3018283335215995
0.4489091940454106
0.3925704656862745
0.410891544117647
0.43412453760789144
0.37448451210815165
0.21496448303078133
0.26395576957374706
0.31242537610443366
0.4878527607361963
0.3884344362745098
0.41436887254901955
0.43046858129993515
0.3929302325581395
0.2226115912154127
0.2507369375789576
0.3214144325325817
0.5329122850047521
0.37821691176470584
0.41303615196078425
0.4299972147432922
0.4002884123366051
0.21872115598841463
0.23891673719158907
0.334203986006237
0.568853464132434
0.36234681372549016
0.40517769607843135
0.43462690253465475
0.4042787380823192
0.2141422193877551
0.23038327074970855
0.34753124652595807
0.6008801521099117
0.3475337009803921
0.38817401960784315
0.4392724458204335
0.40562043456008934
0.2142560597834765
0.2315692127977156
0.359004984632045
0.6325724387057107
0.3383118872549019
0.3743412990196078
0.4364213079578319
0.4071403037038188
0.21565747673249147
0.23773859592364935
0.36123012472626864
0.646949375920614
0.3379595588235294
0.36539522058823526
0.4298976914597985
0.40851203296188776
0.21506770383174875
0.23619731057667437
0.35718911405600917
0.648908459439345
0.34572610294117645
0.3594362745098039
0.4225328079918096
0.4004260018933418
0.21301462100808005
0.23236695469595414
0.3601800979203728
0.643435126337002
0.35153186274509807
0.3669730392156863
0.4128876059223391
0.3952758899291858
0.21680904004944762
0.23085876875323336
0.36191789839966143
0.6373211661897764
0.35465686274509806
0.40755208333333337
0.4008169477836797
0.40029435711154254
0.21536027841493316
0.24736138191076235
0.3521569240387621
0.6374497698264845
0.3559742647058824
0.4500153186274509
0.38515719749976673
0.41344764922417404
0.2138469596685873
0.25551738665456786
0.3382752270670121
0.6457034677009743
0.3512254901960784
0.48705575980392146
0.36572921851667495
0.4317596566523605
0.21584035814640185
0.26076085015181283
0.32256906508506333
0.6648316161771489
0.34034926470588234
0.4960477941176471
0.3594100074682599
0.44787300594307156
0.20937927523782252
0.25192135263225307
0.3057485983789608
0.6720173269227816
0.3221047794117647
0.4857077205882353
0.36062639124546625
0.46699151946774115
0.20641701077412308
0.2501056944941298
0.289374599653163
0.6602960349720071
0.30317095588235293
0.47202818627450976
0.3658359020430923
0.4748488705058861
0.20468020688785163
0.24198652925424002
0.2735925984005019
0.6012349840647216
0.3006280637254902
0.45430453431372547
0.36646771568095493
0.48793183528997225
0.20383308157099692
0.2432410672592307
0.26431482384781213
0.5387349840647216
0.30350796568627453
0.43484987745098036
0.3648934515476746
0.5070605395181842
0.20219527196454765
0.251237128260974
0.26490327674694036
0.49311877394636017
0.30840992647058824
0.4120557598039217
0.3520203121592572
0.5154080976863753
0.20936793702751152
0.2543745019920319
0.2680498844680784
0.4747646643976328
0.3088541666666666
0.3879595588235294
0.3311465702620999
0.5146192239574946
0.2040832265925209
0.249804752872922
0.2713428557930046
0.4781261504479077
0.3055453431372549
0.3691636029411764
0.3192834069380939
0.5060818222881849
0.2041028990917009
0.24657775500728485
0.27733770947076086
0.47308512433460664
0.3009803921568627
0.36236213235294107
0.3127022590479169
0.49907817705469487
0.20751474617992663
0.247092883763336
0.29005458914901405
0.4631099803825405
0.2931219362745098
0.3769607843137255
0.31578618806086617
0.5087346859402347
0.20526978892846584
0.25075307205584685
0.31133601293897223
0.44147567103811747
0.278844975490196
0.4000919117647059
0.31740640919783764
0.5056774925083015
0.2024383771210914
0.2526830203142967
0.33647646679561577
0.4304846841048744
0.26398590686274515
0.4282015931372549
0.3158238884045336
0.48795764189320084
0.2006200385175442
0.25158629948695005
0.36432631442966024
0.43240840104246514
0.2503523284313725
0.44491421568627454
0.3130429367624622
0.46823788760475255
0.20045087356753707
0.2534295798265647
0.3782214923334579
0.42824059873627374
0.2480545343137255
0.4552542892156863
0.30938813638486684
0.45181538060224646
0.2037325038880249
0.2555667289182588
0.3883863200026031
0.4226604913658252
0.25200674019607844
0.46636029411764707
0.3047033172403053
0.4478974140892065
0.19450496058179084
0.24970899175609523
0.3950563325563324
0.4244496228613478
0.25614276960784316
0.47212009803921573
0.3018671068408677
0.4501092735753662
0.19822471385190368
0.24894252102986478
0.40036477500161405
0.42261959486377987
0.2589154411764706
0.4704963235294118
0.3017489760002492
0.4554452232606438
0.19437788740114317
0.2575365237684218
0.40613218187091155
0.4125019151218017
0.25952818627450974
0.45549938725490197
0.29986767338678294
0.46123498310346495
0.19659213256978791
0.25226206300145726
0.40984477650392886
0.4040447372452888
0.26269914215686274
0.4332414215686274
0.29473848069738484
0.46580514011906493
0.1963876994939665
0.23860443459692052
0.41623711340206176
0.39694165236577594
0.26712622549019605
0.42628676470588234
0.28415759896635995
0.4616599516518937
0.19347897272769796
0.23524678543265906
0.4420814844695442
0.39305853509040756
0.2671109068627451
0.42812500000000003
0.27230280769470216
0.4646270894114992
0.19301912099566423
0.23570657167265754
0.4677075709522647
0.3922770456634999
0.2660386029411765
0.4381127450980392
0.26211868761581464
0.48667151045450885
0.19453839799242476
0.2396183156807027
0.4745122308719586
0.39656757585044433
0.26515012254901954
0.4427542892156863
0.2570320530791515
0.5064661412256715
0.19358267039682414
0.23985699495276308
0.47496421134825617
0.4003677597303095
0.2680912990196078
0.44119178921568625
0.25784134997429065
0.5181857771899546
0.19449941884208208
0.23664505672609404
0.47066651519823427
0.4026509347226479
0.27501531862745093
0.44157475490196085
0.2657406974387753
0.5426150550105511
0.19186583076090755
0.23793086683844622
0.4728757377314254
0.40214526509347226
0.27787990196078427
0.4441482843137255
0.2753847114274121
0.56342564866221
0.18724342283916104
0.24221666720773952
0.47911723599961004
0.40142215683570104
0.27665441176470584
0.4524969362745097
0.28455373292584046
0.5677028197478586
0.18981252886927988
0.24771611560843979
0.4690602894412356
0.40416532573215025
0.2688265931372548
0.45902267156862747
0.2844099591785859
0.577064132410626
0.19585600736145706
0.2507698291789569
0.45631870804552965
0.40694823305850975
0.26024816176470594
0.46193321078431376
0.2731534843151304
0.5982982107355864
0.19918060121004233
0.24895862035431218
0.4422493141345109
0.4087800539744848
0.2536458333333333
0.468811274509804
0.2698817672682017
0.6076281211036157
0.1955597318001561
0.24444661109215293
0.43708005921876786
0.41705309707336546
0.2506893382352941
0.47696078431372557
0.27074330835949884
0.6133149693310483
0.1840531347229611
0.24023317981255435
0.4366648763894993
0.42979898726407856
0.24975490196078431
0.4795955882352941
0.2737313015517965
0.6305203533026112
0.18306873169231766
0.24053775227287386
0.4283828705514274
0.4386599993864466
0.24468443627450973
0.47843137254901963
0.2781528909584788
0.6511750179240022
0.18330605564648117
0.22852681760045185
0.42019528071602924
0.44552206739917743
0.23988970588235298
0.47334558823529405
0.28364459887075766
0.6706541876956493
0.1769714799378933
0.22467055519550658
0.41399851079672384
0.45132702586471707
0.23795955882352937
0.46251531862745093
0.28453115791432737
0.6797385620915034
0.1702572717989261
0.22391127762213417
0.42709777247670944
0.4594756761746516
0.2393535539215686
0.44762561274509804
0.28367210878025334
0.679410727453432
0.16821320851119934
0.2213399503722084
0.4567665554414785
0.4705374753451676
0.243719362745098
0.4396599264705882
0.2910690499055172
0.6808503815814789
0.16787720078396495
0.22362463304197833
0.47935093859370026
0.4869313278264085
0.2479779411764706
0.4377144607843137
0.30163741603986755
0.6761428319463819
0.1674179114298875
0.22613573197230788
0.49250630422025926
0.5041106013486466
0.2549632352941176
0.4446537990196079
0.310492671072794
0.6541572565790527
0.1663644456166958
0.23149426462818082
0.4937090453297794
0.5166707715042177
0.26700367647058826
0.4518995098039215
0.31788171627367606
0.6320124096462608
0.1650008246742537
0.2311602360727322
0.4995230676290103
0.5240156509951321
0.2808517156862745
0.4577665441176471
0.3216007416563659
0.6122664448425901
0.15961087211576064
0.23146132389958501
0.5111040558774507
0.5267354524283225
0.296124387254902
0.4640012254901961
0.32283026736481163
0.605443586963454
0.16025681876115214
0.23098830310222065
0.5096503232504365
0.5295643313675239
0.30657169117647054
0.4686121323529412
0.3227978074577318
0.6071332158226541
0.1619126712875715
0.2313150986535693
0.5123965646940823
0.5365023891629426
0.3130821078431373
0.4672640931372549
0.3237050409665324
0.6085297702914497
0.1602912932138284
0.23601489946233833
0.5321099479721684
0.562022103210228
0.3170955882352941
0.46219362745098036
0.3272286851606135
0.6071090197069225
0.17442789567885453
0.24367963325018535
0.5476130534663436
0.5839006311349576
0.31890318627450975
0.4536151960784315
0.3362631262432345
0.6014507608609949
0.2012693236135757
0.24916562721235208
0.5459961229925454
0.5972144587292714
0.3188878676470589
0.45294117647058824
0.3442319840988583
0.6042520330328436
0.2192366607097269
0.2644573852161034
0.5569560422246731
0.5667624446687893
0.31927083333333334
0.45876225490196076
0.3502557623567114
0.6128107827237084
0.22539576045111095
0.2790545940920287
0.5778191103685257
0.49810770567067864
0.32052696078431375
0.4674632352941176
0.3497712956831098
0.6156981868546966
0.2268213501384513
0.29151422928740245
0.5886560579801482
0.39721967945634806
0.322610294117647
0.4735600490196078
0.3513139056943611
0.6185913095557064
0.2336285709758687
0.29858542599441956
0.5917448643165103
0.31487594340353653
0.3263786764705882
0.4706954656862745
0.36229563718094765
0.6253293989553911
0.26026712489260334
0.2968528679116263
0.5826173636493092
0.2964253631942507
0.3318321078431372
0.4661917892156863
0.3727282520043704
0.6343205904617712
0.2832690490574222
0.29420186113099495
0.5828848308843257
0.2984243811173133
0.3363970588235293
0.46124387254901966
0.3815779353627959
0.6411575359757636
0.29964326328415875
0.29292978681791504
0.5909105259834564
0.31252897363785276
0.3399509803921568
0.4592524509803921
0.3873204785189286
0.6360764467356113
0.3086517458609009
0.29126324368378154
0.5924792720239699
0.30618046971569834
0.340625
0.4585631127450981
0.3965352926709296
0.6359115935436307
0.31444559916859854
0.29097435397683885
0.5927966841879595
0.2918449631563499
0.33936887254901965
0.4575827205882353
0.42138973366509996
0.6517753611833653
0.3159666020288786
0.3018477196474724
0.6103433902978613
0.28016855493470816
0.3363511029411765
0.4562959558823529
0.4441393065357472
0.6675646297083984
0.31388010085275175
0.30613457523687165
0.6167603637463968
0.27248115674511614
0.33252144607843137
0.4555453431372549
0.4598782003098682
0.6771571521015167
0.3084416626544695
0.3066276456416641
0.6173419643570687
0.2649836933111808
0.32843137254901966
0.45456495098039207
0.44765032689769485
0.6817134015409879
0.29740088247608615
0.31562040529310237
0.6131171584803993
0.2506696222406945
0.32506127450980393
0.4533088235294118
0.41850862651194204
0.687730933207011
0.28393824266429546
0.3189908387977709
0.6118172394545889
0.2363597219659223
0.32190563725490196
0.4516697303921569
0.3938919342208301
0.7100151362260345
0.2712234051146185
0.321373028215952
0.621829810024889
0.23627556512378906
0.3168811274509804
0.4493106617647059
0.3828153789460754
0.736715884510486
0.26169311827261854
0.3193550432824936
0.6302853870382745
0.2398827069516089
0.31133578431372555
0.44745710784313736
0.3948798231881389
0.7595447296832494
0.2632165168122165
0.30591210574032546
0.6494183841193576
0.2402358142962417
0.30637254901960786
0.44563419117647063
0.41393800898731653
0.7688501045927126
0.2620014830576781
0.2960856580034314
0.6721089931957824
0.24073676461566773
0.30258884803921576
0.44436274509803925
0.435818424320471
0.7686084142394822
0.2555899220310587
0.28967062300395635
0.6954665742549306
0.24108895705521477
0.2998008578431372
0.4436121323529412
0.4424348413027137
0.7762139010878168
0.24927849346210276
0.29565493684963073
0.711488785282258
0.2469628175236225
0.2980085784313726
0.4434742647058823
0.44053979366249085
0.7886678778279842
0.2384620374274316
0.3010492461031414
0.7342370744010087
0.2557104261328748
0.2963388480392156
0.4430606617647059
0.43395762972060176
0.806837261364343
0.2265714566477775
0.296041912915695
0.7683462756154802
0.26541237905083703
0.29489889705882355
0.4433823529411764
0.4258762175013421
0.8186180571784685
0.21002025124718046
0.2942027122565718
0.8033951151914083
0.27764275166133395
0.2937193627450981
0.4446691176470588
0.41671263099834527
0.8215589033405071
0.1875792559411077
0.3107474384094048
0.8380352486569695
0.29565925789295705
0.29275428921568625
0.4397518382352941
0.400346248716888
0.8149376947040496
0.17928332757230092
0.33706787706372165
0.8664536440956722
0.3100431982044305
0.2927389705882353
0.4314797794117648
0.3851104913108775
0.8051600454382771
0.18622616699539773
0.36918917209537666
0.8808227936933707
0.3245530356648306
0.2925551470588236
0.42510723039215675
0.3888412017167382
0.8113964811847609
0.20920763143204285
0.4079912495174366
0.877486077963405
0.34899556322405717
0.2908394607843137
0.41919424019607837
0.39648988350705094
0.8162236979207167
0.26376060243138144
0.44053676624022853
0.8718481162859687
0.3736723477831295
0.28883272058823534
0.4143535539215687
0.4035525993133889
0.8131198507694699
0.359829957653547
0.4785700526518557
0.8679354274651847
0.39777365491651206
0.2871629901960784
0.4082720588235294
0.40356119462449613
0.8029024689631599
0.46255824637395815
0.5739030023094688
0.8630478864451723
0.4167685616554969
0.28229166666666666
0.4017616421568628
0.3981674430007354
0.7872571703650791
0.5696594935047894
0.7064965011449342
0.8587258482379747
0.43248268488820707
0.2751685049019608
0.39332107843137254
0.39448529411764705
0.7719589613050429
0.6862584409624336
0.7842537588266377
0.8466687470744267
0.4519096521981943
0.26908700980392153
0.3845281862745097
0.39269301470588236
0.7566049737042152
0.7878857142857143
0.8368117193622159
0.8328263209622315
0.468027991993421
0.26266850490196075
0.3767922794117646
0.39659926470588236
0.7419860113831982
0.8518434080250128
0.8715218467138136
0.8204507473409656
0.47278043924594043
0.2521292892156863
0.3701746323529412
0.3978707107843137
0.7271867538991041
0.895130293159609
0.8974828739843875
0.8134114888628369
0.47366124306464685
0.2464920343137255
0.36447610294117644
0.396047794117647
0.7114487249050462
0.9175222506060949
0.9170164059519267
0.81087160262418
0.4728276120101019
0.24698223039215686
0.3578890931372549
0.39180453431372547
0.6879311681265018
0.9289185806472587
0.9250337221296516
0.8061178306671868
0.48377079367060954
0.2634957107843137
0.35059742647058817
0.3876225490196078
0.6661860688650141
0.9339147664522834
0.9268911292879335
0.7981886321049345
0.4986559559903729
0.2869025735294118
0.34154411764705883
0.3888480392156863
0.6629666377278928
0.9405758992338658
0.9289788029530116
0.7822723081010957
0.5107456550177537
0.31063112745098037
0.334359681372549
0.3905177696078431
0.656305203458642
0.9439675456389451
0.9297253762455978
0.7542115955618065
0.5194225721784776
0.3077052696078431
0.3307751225490196
0.39082414215686273
0.639234820322181
0.9440487971059165
0.9321529745042494
0.711813534680861
0.5196530725226056
0.26678921568627456
0.3268229166666667
0.3943167892156862
0.6157063197026023
0.9433151089407681
0.9401586951730219
0.7021803533081493
0.5161468481045671
0.23497242647058822
0.3232689950980392
0.40050551470588236
0.5877842493339116
0.9441219984067373
0.9538828811737178
0.7076903815455884
0.5067735311245287
0.21233149509803922
0.32287071078431373
0.40859375000000003
0.562534870745769
0.9491776583618303
0.9633083988258687
0.6915442325726789
0.48734565064190954
0.2081801470588235
0.3238970588235295
0.4151807598039217
0.5307384672619049
0.9558218507150787
0.968888259096563
0.6676522767593142
0.45957414215686265
0.2103094362745098
0.3255514705882353
0.4180147058823529
0.4812329531366229
0.9521921377591482
0.9662550664530115
0.6440664766443936
0.4209865196078432
0.2130974264705882
0.3242953431372549
0.41605392156862736
0.44952280614774415
0.948597380921813
0.958914643524113
0.6360211706102118
0.3942555147058823
0.21565563725490194
0.3193627450980392
0.40958946078431374
0.4348782452444389
0.947017756383691
0.9462190147474115
0.6459279537111927
0.3818474264705883
0.21796875000000002
0.3107077205882353
0.40358455882352945
0.41119888475836436
0.9479324974670722
0.9321406732623592
0.665464718682002
0.38771446078431376
0.22040441176470582
0.3006127450980392
0.3985600490196078
0.3839993804213134
0.9484182001512476
0.9100555677644179
0.689600546685718
0.3983302696078431
0.22199754901960783
0.2908854166666667
0.39557291666666666
0.35079320815517123
0.9463524692905487
0.8704852874177181
0.713129775734609
0.39520526960784313
0.22083333333333335
0.28639705882352945
0.39603247549019605
0.33560178582501393
0.9378904075700414
0.8113213472560259
0.7338013294402684
0.3987745098039216
0.2224877450980392
0.28766850490196083
0.39977022058823525
0.34331554121151947
0.9153340330945913
0.7311019357269574
0.744781636329751
0.41272977941176475
0.2282935049019608
0.2888174019607843
0.4064797794117647
0.3444589471067189
0.905119926199262
0.6589787615821308
0.7153581288581444
0.40908394607843135
0.2418045343137255
0.29064031862745093
0.41511948529411763
0.34047085899110535
0.9006751572809574
0.6137473452493526
0.6641294743206165
0.39707414215686265
0.2609681372549019
0.2958486519607843
0.42236519607843137
0.32791348996421343
0.8961114691710401
0.5802997190134249
0.6201409869083583
0.3956801470588234
0.28258272058823525
0.3005055147058823
0.42475490196078425
0.3181662568858735
0.8908546877397575
0.5530220379663974
0.5963159199355519
0.39839154411764705
0.30237438725490196
0.30275735294117645
0.4198376225490196
0.3166238817580707
0.883793738489871
0.5378294573643411
0.6059465154473055
0.40485600490196083
0.31793811274509803
0.3020373774509804
0.4089307598039216
0.3193502209497729
0.8389749738670603
0.5223704988079388
0.6108459130219149
0.4115349264705882
0.3238817401960784
0.29891237745098037
0.3938572303921568
0.3238584208479191
0.7590869886643666
0.5009169787476689
0.6122818979142777
0.41855085784313717
0.3207873774509804
0.2962469362745097
0.3823223039215686
0.31953039962680757
0.6776813734539412
0.46999539806718826
0.6236747473494946
0.4292432598039215
0.30957414215686274
0.2932291666666667
0.3761182598039216
0.31270783478882425
0.606822647998035
0.43990860157340245
0.6356926893557641
0.4331801470588236
0.29849877450980394
0.28869485294117647
0.3789981617647058
0.3075169429754501
0.5644923530495669
0.41269160024524826
0.6394485026132538
0.42110906862745096
0.2956188725490196
0.28439031862745096
0.38285845588235295
0.30678042070447137
0.5313440629031267
0.39678888531076034
0.6414429790535298
0.4027267156862745
0.2999234068627451
0.2807444852941176
0.38664215686274506
0.3102248229134586
0.5031630020881956
0.39242046259509067
0.6403160214820105
0.3794117647058824
0.31083026960784316
0.2763786764705883
0.3917585784313726
0.3191381456607601
0.47092523192234437
0.40704127911445925
0.60891842374934
0.3527573529411765
0.3141390931372549
0.2737438725490196
0.3961550245098039
0.32905030508891386
0.43765743073047864
0.42251696483652057
0.557203653081511
0.3275888480392157
0.31361825980392155
0.2767922794117646
0.39439338235294114
0.33352804636219696
0.40404195524978104
0.4193578293519577
0.48912469316098545
0.3114123774509803
0.3131280637254902
0.28258272058823525
0.3945925245098039
0.33685503685503687
0.37848458798968443
0.40869767081946917
0.44406821782485784
0.3022518382352941
0.31348039215686274
0.2896905637254902
0.400750612745098
0.3382352941176471
0.3641953538296404
0.39340058393709537
0.4372909829053182
0.30045955882352937
0.31524203431372555
0.2908854166666666
0.40493259803921566
0.34028843203436643
0.35129455794834047
0.38295933653534303
0.4455812504866465
0.2987591911764706
0.31021752450980394
0.2883731617647059
0.40839460784313725
0.34225697638761116
0.3414769060569742
0.3756438614673081
0.46183812759061305
0.2973805147058824
0.3016850490196078
0.2906556372549019
0.41303615196078436
0.3413437959784208
0.33729347575501417
0.37004514637665425
0.4619513637141568
0.2952359068627451
0.29575674019607845
0.2920955882352941
0.41865808823529427
0.34005087966652364
0.33493336604965734
0.36517334079219305
0.45746926611200794
0.2934895833333333
0.29676776960784307
0.2876838235294118
0.42558210784313727
0.33951998528690536
0.3328580845942755
0.3587971232855434
0.451110869261027
0.2922640931372549
0.31012561274509803
0.29293811274509807
0.4322303921568627
0.33619684604528444
0.33256177570666495
0.35881805490926016
0.44009353078721747
0.2854932598039216
0.32006740196078426
0.3073835784313725
0.4389552696078432
0.33065258763582783
0.3335327320694521
0.36549517804154297
0.4246005039675708
0.2737132352941176
0.32475490196078427
0.3219056372549019
0.4498774509803921
0.32232115443659815
0.3331236961590379
0.37392039342246813
0.41383569139373094
0.2690716911764706
0.3161151960784314
0.3331648284313726
0.4629901960784314
0.31604237027939824
0.330076087623489
0.37794925290706594
0.4115635102844024
0.2680912990196078
0.3053155637254901
0.33118872549019596
0.47564338235294124
0.31904798464491363
0.3212227127790042
0.375072854995552
0.42857365792759045
0.2703125
0.3062959558823529
0.3360447303921568
0.4892463235294118
0.31953153817779417
0.3129512393273756
0.3697506058468051
0.46176754919387525
0.27394301470588234
0.31078431372549015
0.3530024509803921
0.5034313725490196
0.3170353302611368
0.3066073892380806
0.3628264303129744
0.5112240443973312
0.27863051470588235
0.3174325980392157
0.3701746323529412
0.5110140931372549
0.31314980006151955
0.31606702129290387
0.35754258467105166
0.5454134517964305
0.2802849264705883
0.3236672794117648
0.38584558823529413
0.5125919117647059
0.3080338559733593
0.3366464200257684
0.35469718353071117
0.56614564665181
0.27988664215686265
0.3285386029411764
0.3942095588235294
0.507766544117647
0.30178648698769855
0.36741576478523463
0.35794530218852644
0.5659753625448308
0.28106617647058824
0.330422794117647
0.4020373774509804
0.5013633578431373
0.29748583951970115
0.3865695668838635
0.3626252073987587
0.559098148205977
0.2819087009803921
0.3303768382352941
0.4133731617647058
0.49650735294117654
0.2935755782595965
0.38249577378208083
0.36663076923076926
0.5506901996341863
0.2814644607843137
0.32910539215686274
0.42193627450980387
0.48682598039215685
0.2894356005788712
0.3531120588417083
0.3693388378828024
0.5435146247283755
0.27602634803921566
0.32901348039215683
0.42806372549019606
0.47354473039215694
0.28467681134891454
0.31211755979974043
0.37123910864368875
0.5379922611246332
0.26703431372549014
0.3303308823529412
0.43097426470588235
0.45960477941176475
0.27935863733493216
0.2877840734125762
0.37810960591133
0.5347483417869683
0.2644148284313726
0.33284313725490194
0.43613664215686276
0.44865196078431374
0.2747706281260548
0.2765856204334745
0.3834625961746439
0.5305827908071222
0.26712622549019605
0.33501838235294124
0.4498774509803921
0.44442401960784306
0.27054673721340394
0.28372321483391666
0.3908017517525263
0.5291901777201181
0.27677696078431374
0.3347732843137255
0.46061580882352937
0.4473958333333333
0.2627383653197621
0.28978775761304215
0.3968325301018116
0.52671875
0.2859068627450981
0.33838848039215685
0.46636029411764707
0.45678615196078437
0.25128338722282667
0.2926187103528977
0.4007324415753701
0.527582250612422
0.29325980392156864
0.3468903186274509
0.47765012254901956
0.45511642156862747
0.24511186025130247
0.292261099495757
0.40048151599875736
0.5277906438165817
0.29843749999999997
0.35546875
0.4891697303921569
0.44843749999999993
0.241771880362834
0.2885935871497762
0.3978887472404465
0.5286487653654549
0.3028799019607843
0.3635723039215686
0.4926930147058822
0.44448529411764703
0.23741018216359483
0.2820992577142507
0.39623639191290827
0.5375279512684092
0.3081341911764706
0.3707720588235295
0.4949908088235294
0.44057904411764703
0.2333900148597515
0.2762972276741903
0.395487693001415
0.5434346860737633
0.31593137254901954
0.3759957107843137
0.49833026960784316
0.4362438725490196
0.23114276960784316
0.27150784890851115
0.396876699557144
0.5449470171175466
0.32749693627450976
0.37881433823529403
0.5040287990196077
0.42919730392156863
0.2297640931372549
0.27064431093673363
0.4034412392171412
0.5292182840982448
0.3375459558823529
0.3786611519607843
0.5079503676470588
0.4204044117647059
0.22855392156862744
0.2727272727272727
0.4085664416675677
0.5011143045970828
0.346078431372549
0.37369791666666663
0.4974571078431372
0.4131587009803922
0.22570465686274513
0.27686273308103637
0.413473243039184
0.4723862238622387
0.3543658088235294
0.35678615196078434
0.46726409313725487
0.4081341911764706
0.2220894607843137
0.2807654593368879
0.41370437140787997
0.4483756290493851
0.3587928921568628
0.33740808823529406
0.40818014705882344
0.40707720588235285
0.21807598039215687
0.2822429906542056
0.4079681766320268
0.4359144497253256
0.35684742647058826
0.3202052696078431
0.3380667892156862
0.4069393382352942
0.21511948529411765
0.2830703232725601
0.4029814008584219
0.43034891071401044
0.34626225490196083
0.3134191176470588
0.2638786764705882
0.40730698529411763
0.21283700980392153
0.28332209829635974
0.3989146431199412
0.43160496860077696
0.32735906862745096
0.3160079656862745
0.22452512254901957
0.407843137254902
0.2121783088235294
0.2830506656861393
0.3937236043034619
0.44095272172871386
0.30962009803921564
0.31660539215686273
0.2087162990196079
0.4087775735294117
0.21170343137254904
0.2838779856291461
0.3917153183208229
0.4659401815694565
0.29433210784313724
0.3170036764705883
0.2104932598039216
0.41044730392156864
0.20867034313725488
0.2873175518214154
0.38699484192753913
0.4882727891577448
0.2862132352941177
0.31752450980392155
0.21484374999999997
0.4089767156862745
0.20836397058823528
0.29333721893309606
0.37885950542163976
0.5036728395061728
0.28013174019607834
0.31778492647058815
0.21732536764705881
0.40317095588235297
0.21188725490196075
0.3010970464135021
0.37359392575928
0.5134865747627007
0.2744485294117646
0.31799938725490196
0.2190410539215686
0.39646139705882344
0.21504289215686276
0.3066695293450089
0.36607087057058935
0.5229924712881611
0.2667126225490196
0.31905637254901953
0.2217064950980392
0.39011948529411766
0.21839767156862744
0.3082035146957256
0.3651128421441546
0.5343301894026532
0.25818014705882353
0.3214154411764706
0.22585784313725496
0.39142156862745103
0.22159926470588237
0.30348220580571994
0.35059251383045936
0.5456873811422611
0.2521905637254902
0.3258272058823529
0.2330882352941176
0.3915747549019607
0.22375618650690282
0.2945823753606864
0.32930057299451915
0.5565712182328493
0.24788602941176469
0.32902879901960785
0.24396446078431372
0.38682598039215677
0.2245582849349495
0.2959002333451809
0.31647639665457045
0.5683895705521473
0.24647671568627447
0.32910539215686274
0.2583639705882353
0.3779258578431372
0.223906214083212
0.29872540527162483
0.3165376473678518
0.5702256238783993
0.24950980392156863
0.3221813725490196
0.27441789215686274
0.3670343137254903
0.22341061277026095
0.3067286165547275
0.3237547892720306
0.5633608392895488
0.25690870098039215
0.30971200980392155
0.2864889705882353
0.36343443627450983
0.22817095588235292
0.29321176831136986
0.32833282255593005
0.5626417407293901
0.27274816176470584
0.296813725490196
0.29643075980392153
0.36594669117647055
0.2326746323529412
0.2745786086423536
0.3350750842782715
0.5637450199203188
0.2891237745098039
0.28498774509803926
0.3056832107843137
0.37651654411764707
0.2303002450980392
0.2604658289917254
0.3442077842476249
0.5668709776279498
0.3004901960784314
0.27699142156862744
0.31171875
0.3854319852941176
0.2270680147058823
0.2522212009803921
0.35352436408213306
0.5730851715686274
0.307000612745098
0.2740196078431372
0.3141390931372549
0.3899969362745097
0.22378982843137252
0.25019914215686273
0.3618296046582899
0.5814644607843137
0.30934436274509797
0.2764093137254902
0.3197303921568627
0.3927389705882353
0.22022058823529408
0.24618566176470583
0.3664112779650628
0.580392156862745
0.30925245098039217
0.2782169117647059
0.3272824754901961
0.39280024509803924
0.21683517156862742
0.2428768382352941
0.36764705882352944
0.5734068627450981
0.30672487745098037
0.28043811274509806
0.3360906862745098
0.3874387254901961
0.21545649509803919
0.24250919117647055
0.36452205882352934
0.5652113970588235
0.30091911764705875
0.2832261029411765
0.3430300245098039
0.38108149509803924
0.21423100490196081
0.2435049019607843
0.36217830882352936
0.5514705882352939
0.2974571078431373
0.28812806372549016
0.3475337009803921
0.375796568627451
0.21254595588235292
0.24506740196078428
0.36245404411764703
0.5295189950980392
0.29793198529411763
0.2962469362745098
0.34644607843137254
0.37394301470588237
0.20965073529411765
0.24535845588235294
0.36392463235294115
0.5026654411764705
0.303079044117647
0.30641850490196076
0.34024203431372546
0.3742953431372548
0.20536151960784313
0.24463848039215685
0.366390931372549
0.47544424019607834
0.31037071078431366
0.3178768382352941
0.3295189950980392
0.37503063725490204
0.20114889705882355
0.24327512254901953
0.36917892156862747
0.4642769607843137
0.31092218137254907
0.3263939950980391
0.31769301470588235
0.3754136029411765
0.19782475490196078
0.2427389705882353
0.3724877450980392
0.46222426470588235
0.3075674019607843
0.33275122549019603
0.30814950980392153
0.3737898284313726
0.19575674019607842
0.24246323529411767
0.37757352941176464
0.4682138480392157
0.3017310049019608
0.33633578431372546
0.2989889705882353
0.37109375000000006
0.1958792892156863
0.24411764705882355
0.38111213235294117
0.47303921568627455
0.28860294117647056
0.33658088235294115
0.2908854166666666
0.3672028186274509
0.19810049019607842
0.24761029411764707
0.382873774509804
0.47650122549019613
0.269592524509804
0.3342830882352941
0.28708639705882355
0.36352634803921563
0.20078124999999997
0.24831495098039216
0.3854013480392156
0.4824601715686275
0.26458333333333334
0.3362898284313725
0.28664215686274513
0.36066176470588224
0.2033700980392157
0.24826899509803918
0.38396139705882354
0.4878982843137256
0.26962316176470585
0.3388020833333334
0.2871017156862745
0.3603553921568627
0.2051317401960784
0.25105698529411763
0.3708180147058824
0.4878063725490196
0.28310355392156866
0.3368719362745098
0.2893535539215686
0.3630974264705882
0.20572916666666669
0.2542892156862745
0.35516237745098034
0.4859375
0.29738051470588234
0.33301164215686274
0.29431678921568627
0.3699908088235294
0.20592830882352936
0.25698529411764703
0.33910845588235294
0.48233762254901963
0.3094822303921569
0.32791053921568625
0.2998008578431372
0.37424938725490187
0.2071691176470588
0.260110294117647
0.3310202205882353
0.4815716911764706
0.3207107843137255
0.3256280637254902
0.30572916666666666
0.3761795343137254
0.20937499999999998
0.26438419117647055
0.3278799019607843
0.48207720588235287
0.3311580882352941
0.3253063725490196
0.3111060049019608
0.3714613970588235
0.210906862745098
0.2716145833333333
0.32048100490196085
0.4811734068627451
0.3420802696078432
0.32515318627450984
0.31537990196078436
0.3649509803921569
0.21063112745098037
0.2769607843137255
0.3117647058823529
0.4805300245098039
0.3505208333333332
0.3283394607843137
0.31766237745098036
0.3574142156862744
0.20695465686274508
0.2771139705882353
0.30166973039215683
0.481204044117647
0.35358455882352935
0.33602941176470585
0.31848958333333327
0.351516544117647
0.2027420343137255
0.27331495098039216
0.2972579656862745
0.482781862745098
0.3600030637254901
0.3474724264705882
0.3185968137254902
0.3477022058823529
0.19862132352941173
0.26640625
0.29782475490196075
0.48583026960784315
0.3684589460784314
0.3608455882352941
0.3255208333333333
0.34113051470588235
0.19728860294117642
0.25730698529411766
0.29434742647058826
0.4937500000000001
0.3668198529411765
0.36836703431372547
0.3325827205882353
0.33743872549019605
0.19557291666666662
0.2484375
0.2924172794117647
0.5010110294117647
0.36348039215686273
0.37337622549019606
0.3334405637254902
0.34388786764705886
0.19117647058823528
0.24307598039215686
0.2983302696078431
0.5000459558823528
0.36875
0.3784466911764706
0.33497242647058817
0.3529411764705882
0.18750000000000003
0.23558517156862743
0.3041513480392157
0.4954350490196078
0.3727481617647059
0.38377757352941183
0.33826593137254907
0.36366421568627444
0.18527879901960784
0.2248468137254902
0.3075367647058823
0.4880055147058824
0.37469362745098045
0.3890625
0.3392769607843137
0.36873468137254894
0.18400735294117646
0.21625306372549016
0.306985294117647
0.4905177696078431
0.37645526960784315
0.3891544117647058
0.33818933823529407
0.37094056372549017
0.1837316176470588
0.20943627450980387
0.30396752450980385
0.4974111519607843
0.37873774509803926
0.38604473039215687
0.3339460784313726
0.3721507352941177
0.1844822303921569
0.20386029411764703
0.30038296568627454
0.5004595588235294
0.3836397058823529
0.38285845588235295
0.32840073529411773
0.3743719362745099
0.18808210784313725
0.19961703431372552
0.29682904411764705
0.5033394607843136
0.3880821078431372
0.3854779411764706
0.32267156862745094
0.3798866421568628
0.19558823529411762
0.19773284313725487
0.2941482843137255
0.5067708333333333
0.39157475490196075
0.39799325980392164
0.31897977941176475
0.3827512254901961
0.2018075980392157
0.19856004901960783
0.2890012254901961
0.5076593137254902
0.3881893382352942
0.4064491421568628
0.3175551470588236
0.38319546568627455
0.20520833333333335
0.2020373774509804
0.2816023284313725
0.5068933823529411
0.37876838235294114
0.4096660539215686
0.31666666666666665
0.37861519607843136
0.20226715686274507
0.20494791666666665
0.27369791666666665
0.5099724264705883
0.3639093137254902
0.4005208333333333
0.31537990196078436
0.3725030637254902
0.1993566176470588
0.20917585784313728
0.26562499999999994
0.5131433823529413
0.34949448529411764
0.3879595588235294
0.3126072303921569
0.3693627450980393
0.20297181372549017
0.21551776960784313
0.2580422794117647
0.5144607843137253
0.3400735294117646
0.3786305147058823
0.31014093137254894
0.3681066176470588
0.20399816176470587
0.22095588235294114
0.2535845588235294
0.5187499999999999
0.3345128676470588
0.3686427696078431
0.3083639705882352
0.3688265931372549
0.202359068627451
0.22524509803921572
0.25225183823529407
0.5251838235294116
0.3329197303921568
0.35888480392156863
0.3073529411764706
0.3686274509803922
0.2100490196078431
0.2300091911764706
0.25145526960784315
0.5175245098039215
0.33526348039215687
0.3613970588235294
0.30775122549019607
0.3673560049019607
0.22028186274509803
0.23376225490196081
0.2521292892156862
0.503079044117647
0.343704044117647
0.37035845588235294
0.31228553921568625
0.36602328431372544
0.22651654411764702
0.23543198529411768
0.2560355392156863
0.4910998774509805
0.3649509803921569
0.3830882352941176
0.31508884803921566
0.3651348039215687
0.22931985294117646
0.23564644607843135
0.258547794117647
0.48497242647058825
0.3774662990196078
0.3900122549019608
